Phase 3 - Top hubs:
  n1: 0.793100
  n83: 0.060455
  n3: 0.046251
  n49: 0.031802
  n86: 0.021993
  n88: 0.007769
  n13: 0.007082
  n11: 0.006702
  n6: 0.006326
  n99: 0.005950
Phase 3 - Top authorities:
  n83: 0.196267
  n86: 0.153520
  n3: 0.149565
  n9: 0.089013
  n85: 0.057964
  n2: 0.041129
  n5: 0.035997
  n89: 0.035988
  n76: 0.025706
  n84: 0.022153
