Phase 9 - Top hubs:
  n1: 0.587934
  n87: 0.153852
  n3: 0.139465
  n46: 0.061627
  n85: 0.022207
  n82: 0.013267
  n76: 0.006139
  n81: 0.004279
  n8: 0.002746
  n88: 0.002293
Phase 9 - Top authorities:
  n82: 0.436252
  n87: 0.155501
  n85: 0.083331
  n76: 0.074642
  n3: 0.067494
  n8: 0.034919
  n83: 0.029024
  n37: 0.025317
  n1: 0.016157
  n96: 0.014604
