Phase 6 - Top hubs:
  n19: 0.230688
  n3: 0.195290
  n5: 0.188000
  n76: 0.129691
  n11: 0.101845
  n2: 0.030987
  n20: 0.030742
  n6: 0.021519
  n12: 0.011882
  n87: 0.009345
Phase 6 - Top authorities:
  n1: 0.805419
  n12: 0.054108
  n3: 0.032090
  n76: 0.029318
  n8: 0.013849
  n20: 0.012978
  n9: 0.009521
  n78: 0.006197
  n85: 0.005901
  n18: 0.005867
