Phase 5 - Top hubs:
  n1: 0.906498
  n12: 0.024030
  n85: 0.021200
  n88: 0.014609
  n3: 0.010536
  n18: 0.005042
  n17: 0.003361
  n86: 0.003255
  n108: 0.002587
  n8: 0.002435
Phase 5 - Top authorities:
  n3: 0.323586
  n85: 0.223792
  n76: 0.086952
  n6: 0.037301
  n5: 0.037299
  n4: 0.037265
  n2: 0.037265
  n55: 0.037265
  n12: 0.025743
  n83: 0.024933
