Phase 4 - Top hubs:
  n1: 0.859794
  n76: 0.026742
  n3: 0.023968
  n85: 0.021266
  n86: 0.015399
  n88: 0.008914
  n83: 0.007374
  n90: 0.007047
  n12: 0.006992
  n52: 0.006767
Phase 4 - Top authorities:
  n3: 0.275466
  n85: 0.175591
  n83: 0.066650
  n5: 0.062019
  n2: 0.062019
  n9: 0.058906
  n89: 0.046563
  n6: 0.042638
  n8: 0.038870
  n76: 0.035174
