Phase 11 - Top hubs:
  n16: 0.416812
  n65: 0.227352
  n17: 0.138937
  n14: 0.063797
  n3: 0.037892
  n41: 0.034725
  n27: 0.025279
  n18: 0.025261
  n42: 0.025261
  n37: 0.002792
Phase 11 - Top authorities:
  n12: 0.906535
  n13: 0.018918
  n92: 0.017288
  n94: 0.015717
  n58: 0.011550
  n37: 0.009438
  n27: 0.006909
  n93: 0.006863
  n41: 0.002670
  n14: 0.001859
